(3C7350)
FF B5 1C 48 00 21 20 22 1E F6 BE FD 19 48 13 49 06 22 1E F6 89 FD 17 48 0B 30 13 49 07 22 1E F6 83 FD 15 4C 24 68 6A 34 21 88 12 48 07 30 00 22 03 23 41 F4 79 FD 61 88 0E 48 13 30 00 22 03 23 41 F4 72 FD 49 40 5B 40 01 31 10 29 05 D0 09 48 42 5C FF 2A F8 D1 43 54 F6 E7 FF BD 10 F1 71 08 FF FF FF FF FF FF FF FF 17 F1 71 08 FF FF FF FF FF FF FF FF 90 D0 03 02 F0 AC 03 02

B0 73 3C 08 = 20 12 09 10 06 3E FF
			  mi tsuke ta ka zu
			  Seen:

BC 73 3C 08 = 12 06 1F 04 10 06 3E FF
			  chika ma e  ta ka zu
			  Owned:
			  
(415AC0)
00 00 00 00 00 00 00 00 00 00 00 00 00 00 00 00 00 00 00 00 00 00 00 00 00 00 00 00 00 00 00 00 00 00 00 00 00 00 00 00 00 00 00 00 00 00 00 00 00 00 00 00 00 00 00 00 00 00 00 00 00 00 00 00 00 00 00 00 00 00 00 00 00 00 00 00 00 00 00 00 00 00 00 00 00 00 00 00 00 00 00 00 00 00 00 00 00 00 00 00 00 00 00 00 00 00 00 00 00 00 00 00 00 00 00 00 00 00 00 00


(416970)
F0 B5 05 1C 17 48 30 21 20 22 17 4C 00 F0 29 F8 16 4A 80 21 C9 01 50 18 15 49 16 4A 16 4C 00 F0 20 F8 16 4C 16 49 28 01 09 18 49 68 6D 40 76 40 5B 40 B7 01 68 00 3F 18 E2 5A 12 48 02 40 03 20 00 03 12 18 80 20 80 00 12 18 CA 53 02 33 1D 2D 01 DA 01 35 ED E7 13 2E 02 DA 6D 40 01 36 E8 E7 F0 BD A7 46 40 77 E9 09 EC 03 07 08 00 00 00 06 60 77 E9 09 C0 0C 00 00 78 5E 1E 08 C0 5A 41 08 E8 08 00 03 FF 03 00 00


(1E97740)
BE 03 FF 7F 8C 31 5A 67 DB 7B D4 7B CE 77 86 67 46 6F E0 72 6D 5E BF 2B 1F 2B 5F 72 27 7D 42 08 11 11 11 11 11 11 11 11 11 11 11 11 11 11 11 11 11 11 11 11 11 11 11 11 11 11 11 11 11 11 11 11 11 51 51 55 11 51 11 11 11 11 11 11 11 51 11 11 11 51 11 11 11 51 11 11 11 51 11 11 11 51 11 11 55 51 55 55 11 11 11 11 11 11 11 11 11 11 11 11 11 11 11 11 11 11 11 11 11 11 11 11 11 11 11 11 15 55 55 55 11 11 11 11 11 11 11 11 11 11 11 11 11 11 11 11 11 11 11 11 11 11 11 11 11 11 11 11 51 55 55 15 11 11 11 11 11 11 11 11 11 11 11 11 11 11 11 11 11 11 11 11 11 11 11 11 11 11 11 11 55 55 55 51 11 11 51 11 11 11 11 11 11 11 51 11 11 11 51 11 11 11 51 11 11 11 51 11 11 11 51 11 55 55 51 55 11 11 11 11 11 11 11 11 11 11 11 11 11 11 11 11 11 11 11 11 11 11 11 11 11 11 11 11 55 15 55 55 11 11 11 11 11 11 11 11 11 11 11 11 11 11 11 11 11 11 11 11 11 11 11 11 11 11 11 11 15 55 55 55 11 11 11 51 11 11 11 11 11 11 11 51 11 11 11 51 11 11 11 51 11 11 11 51 11 11 11 51 51 55 55 51 11 11 11 11 11 11 11 11 11 11 11 11 11 11 11 11 11 11 11 11 11 11 11 11 11 11 11 11 55 55 15 55 11 11 11 11 11 11 11 11 11 11 11 11 11 11 11 11 11 11 11 11 11 11 11 11 11 11 11 11 55 51 55 55 51 11 11 11 11 11 11 11 51 11 11 11 51 11 11 11 51 11 11 11 51 11 11 11 51 11 11 11 55 55 55 51 11 11 11 11 11 11 11 11 11 11 11 11 11 11 11 11 11 11 11 11 11 11 11 11 11 11 11 11 55 55 11 11 11 51 11 11 11 11 11 11 11 51 11 11 11 51 11 11 11 51 11 11 11 51 11 11 11 51 11 11 11 11 11 11 11 11 11 11 11 11 15 11 11 51 55 11 11 55 55 15 51 55 55 55 55 55 55 55 11 11 15 11 11 11 11 11 11 11 11 11 11 11 11 11 11 11 11 11 11 11 11 11 11 11 11 11 11 11 11 11 55 55 55 55 11 11 11 11 11 11 11 11 11 11 11 11 11 11 11 11 11 11 11 11 11 11 11 11 11 11 11 11 55 55 15 11 11 11 11 11 11 51 11 11 11 51 11 11 11 51 11 11 11 51 11 11 11 51 11 11 11 11 11 11 11 51 11 11 11 11 11 11 11 11 51 11 11 11 51 11 11 11 51 11 11 11 51 11 11 11 51 11 11 11 11 11 11 11 51 11 11 11 11 11 11 11 11 51 11 11 11 51 11 11 11 51 11 11 11 51 11 11 11 51 11 11 11 11 11 11 11 51 11 11 11 11 51 11 11 11 51 11 11 11 51 11 11 11 51 11 11 11 51 11 11 11 11 11 11 11 51 11 11 11 11 11 15 11 55 55 55 55 11 11 15 11 11 11 15 11 11 11 15 11 11 11 15 11 11 11 15 11 11 11 15 11 77 77 77 77 77 77 77 77 77 77 77 77 77 77 77 77 77 77 77 77 77 77 77 77 77 77 77 77 77 77 77 77 77 77 67 56 77 77 77 77 77 77 77 77 77 77 77 77 77 77 77 77 77 77 77 77 77 77 77 77 77 77 77 77 15 11 11 11 67 15 11 11 77 67 15 11 77 77 67 15 77 77 77 57 77 77 77 77 77 77 77 77 77 77 77 77 11 11 11 11 11 11 11 11 11 11 11 11 11 11 11 11 11 11 11 11 15 11 11 11 57 11 11 11 77 15 11 11 11 51 11 11 11 51 11 11 11 51 11 11 11 51 11 11 11 11 11 11 11 51 11 11 11 51 11 11 11 51 11 11 11 11 51 11 11 11 51 11 11 11 51 11 11 11 51 11 11 11 11 11 11 11 51 11 11 11 51 11 11 11 51 11 11 11 11 51 11 11 11 51 11 11 11 51 11 11 11 51 11 11 11 11 11 11 11 51 11 11 11 51 11 11 11 51 51 11 11 11 51 11 11 11 51 11 11 11 51 11 11 11 11 11 11 11 51 11 11 11 51 11 11 11 51 11 11 11 11 11 15 11 11 11 15 11 11 11 15 11 11 11 15 11 11 11 15 11 11 11 15 11 11 11 15 11 11 11 15 11 77 57 11 11 77 77 15 11 77 77 16 11 77 77 57 11 77 77 67 11 77 77 77 15 77 77 77 16 77 77 77 57 11 51 11 11 11 51 11 11 11 11 11 11 11 51 11 11 11 51 11 11 11 51 11 11 11 51 11 11 11 51 11 11 11 11 51 11 11 11 51 11 11 11 11 11 11 11 51 11 11 11 51 11 11 11 51 11 11 11 51 11 11 11 51 11 11 11 11 51 11 11 11 51 11 11 11 11 11 11 11 51 11 11 11 51 11 11 11 51 11 11 11 51 11 11 11 51 51 11 11 11 51 11 11 11 11 11 11 11 51 11 11 11 51 11 11 11 51 11 11 11 51 11 11 11 51 11 11 11 77 77 77 57 77 77 77 67 77 77 77 67 77 77 77 77 77 77 77 77 77 77 77 77 77 77 77 77 77 77 77 77 11 11 11 11 11 11 11 11 11 11 11 11 15 11 11 11 15 11 11 11 15 11 11 11 15 11 11 11 15 11 11 11 77 77 77 77 77 77 77 77 77 77 77 77 77 77 77 77 77 77 77 67 77 77 77 67 77 77 77 57 77 77 77 57 15 11 11 11 15 11 11 11 15 11 11 11 15 11 11 11 11 11 11 11 11 11 11 11 11 11 11 11 11 11 11 11 11 51 11 11 11 51 11 11 11 51 51 55 11 51 11 11 11 11 11 11 11 51 11 11 11 51 11 11 11 51 11 11 11 11 11 11 11 11 11 11 55 51 55 55 11 11 11 11 11 11 11 11 11 11 11 11 11 11 11 11 11 11 11 11 11 11 11 11 11 11 11 11 15 55 55 55 11 11 11 11 11 11 11 11 11 11 11 11 11 11 11 11 11 11 11 11 11 11 11 11 11 11 11 11 51 55 55 15 11 11 11 11 11 11 11 11 11 11 11 11 11 11 11 11 11 11 11 11 11 11 51 11 11 11 11 11 55 55 11 51 11 11 11 11 11 11 11 11 11 11 51 11 11 11 51 11 11 11 51 11 11 11 11 11 11 11 11 11 55 55 51 55 11 11 11 11 11 11 11 11 11 11 11 11 11 11 11 11 11 11 11 11 11 11 11 11 11 11 11 11 55 15 55 55 11 11 11 11 11 11 11 11 11 11 11 11 11 11 11 11 11 11 11 11 11 11 11 51 11 11 11 11 15 55 55 11 11 11 11 11 11 11 11 11 11 11 11 51 11 11 11 51 11 11 11 51 11 11 11 11 11 11 11 11 51 55 55 51 11 11 11 11 11 11 11 11 11 11 11 11 11 11 11 11 11 11 11 11 11 11 11 11 11 11 11 11 55 55 15 55 11 11 11 11 11 11 11 11 11 11 11 11 11 11 11 11 11 11 11 11 51 11 11 11 11 11 11 11 11 51 55 55 11 11 11 11 11 11 11 11 51 11 11 11 51 11 11 11 51 11 11 11 11 11 11 11 11 11 11 11 55 55 55 51 11 11 11 11 11 11 11 11 11 11 11 11 11 11 11 11 11 11 11 11 11 51 11 11 11 51 11 11 55 55 11 11 11 51 11 11 11 11 11 11 11 51 11 11 11 51 11 11 11 51 11 11 77 77 77 16 77 77 77 15 77 77 67 11 77 77 57 11 77 77 16 11 77 77 15 11 77 57 11 11 77 15 11 11 77 77 77 77 77 77 77 77 77 77 77 77 77 77 77 77 77 77 77 77 77 77 77 77 77 77 77 77 55 55 55 55 77 77 77 77 77 77 77 77 77 77 77 77 77 77 77 77 77 77 77 77 77 77 77 77 77 77 67 55 55 55 15 11 77 77 77 77 77 77 77 77 77 77 77 57 77 77 67 15 77 67 15 11 67 15 11 11 15 11 11 11 11 11 11 11 57 11 11 11 15 11 11 11 11 11 11 11 11 11 11 11 11 11 11 11 11 11 11 11 11 11 11 11 11 11 11 11 11 11 11 11 11 11 51 55 11 51 55 11 11 51 11 11 11 55 11 11 11 15 11 11 11 15 11 11 11 15 11 11 11 11 11 11 55 55 55 55 11 11 11 11 11 11 11 11 11 11 11 11 11 11 11 11 11 11 11 11 11 11 11 11 11 11 11 11 55 55 55 15 11 11 11 55 11 11 11 11 11 11 11 11 11 11 11 11 11 11 11 11 11 11 11 11 11 11 11 11 41 44 44 44 15 44 44 44 15 44 44 44 55 41 44 44 51 41 44 44 51 41 44 44 51 41 44 44 11 11 11 11 44 11 55 55 44 44 51 55 44 44 51 55 44 44 14 55 44 44 14 55 44 44 14 55 44 44 14 55 11 11 11 11 55 55 14 51 55 55 55 14 55 55 55 15 55 55 55 45 55 55 55 55 55 55 55 55 55 55 55 55 11 11 11 11 66 66 66 56 66 66 66 66 65 66 66 66 61 66 66 66 61 66 66 66 61 66 66 66 61 66 66 66 11 11 11 11 11 11 11 11 56 11 11 11 66 11 11 11 66 15 11 11 66 16 11 11 66 16 11 11 66 16 11 11 11 15 11 11 11 15 11 11 11 15 11 11 11 15 11 11 15 15 11 11 11 11 11 11 11 11 11 11 11 11 11 11 51 41 44 44 51 41 44 44 51 41 44 44 51 11 11 11 51 51 55 15 11 11 11 11 11 11 11 11 11 11 11 11 44 44 14 55 44 44 14 55 44 44 14 55 11 11 11 11 55 55 55 51 11 11 11 11 11 11 11 11 11 11 11 11 55 55 55 55 55 55 55 55 55 55 55 55 11 11 11 11 55 55 15 55 11 11 11 11 11 11 11 11 11 11 11 11 61 66 66 66 61 66 66 66 61 66 66 66 11 11 11 11 55 55 51 55 11 11 11 11 11 11 11 11 11 11 11 11 66 16 11 11 66 16 11 11 66 16 11 11 11 11 11 11 55 15 55 55 11 11 11 11 11 11 11 11 11 11 11 11 11 11 11 11 11 11 11 11 11 11 11 11 11 11 11 11 55 51 55 55 11 11 11 11 11 11 11 11 11 11 11 11 11 11 11 11 11 51 11 11 11 51 11 11 11 51 11 11 55 51 51 55 11 51 11 11 11 11 11 11 11 51 11 11 11 11 11 11 11 11 11 11 11 11 11 11 11 11 11 11 15 55 55 55 11 11 11 11 11 11 11 11 11 11 11 11 11 11 11 11 11 11 11 11 11 11 11 11 11 11 11 11 51 55 55 15 11 11 11 11 11 11 11 11 11 11 11 11 11 11 11 11 11 11 51 11 11 11 51 11 11 11 11 11 55 55 11 51 11 11 11 11 11 11 11 11 11 11 51 11 11 11 11 11 11 11 11 11 11 11 11 11 11 11 11 11 55 55 51 55 11 11 11 11 11 11 11 11 11 11 11 11 11 11 11 11 11 11 11 11 11 11 11 11 11 11 11 11 55 15 55 55 11 11 11 11 11 11 11 11 11 11 11 11 11 11 11 11 11 11 11 51 11 11 11 51 11 11 11 11 15 55 55 11 11 11 11 11 11 11 11 11 11 11 11 51 11 11 11 11 11 11 11 11 11 11 11 11 11 11 11 11 51 55 55 51 11 11 11 11 11 11 11 11 11 11 11 11 11 11 11 11 11 11 11 11 11 11 11 11 11 11 11 11 55 55 15 55 11 11 11 11 11 11 11 11 11 11 11 11 11 11 11 11 51 11 11 11 51 11 11 11 11 11 11 11 11 51 55 55 11 11 11 11 11 11 11 11 51 11 11 11 11 11 11 11 11 11 11 11 11 11 11 11 11 11 11 11 55 55 55 51 11 11 11 11 11 11 11 11 11 11 11 11 11 11 11 11 11 51 11 11 11 51 11 11 11 51 11 11 55 55 11 11 11 51 11 11 11 11 11 11 11 51 11 11 11 11 15 11 11 11 15 11 11 11 15 11 11 11 15 11 11 11 15 11 11 11 15 11 55 55 55 55 11 11 15 11 11 51 11 11 11 51 11 11 11 11 11 11 11 51 11 11 11 51 11 11 11 51 11 11 11 51 51 55 11 11 11 11 11 11 11 11 11 11 11 11 11 11 11 11 11 11 11 11 11 11 11 11 11 11 11 11 55 51 55 55 11 11 11 11 11 11 11 11 11 11 11 11 11 11 11 11 11 11 11 11 11 11 11 11 11 11 11 11 15 55 55 55 11 11 11 11 11 11 11 11 11 11 11 11 11 11 11 11 11 11 11 11 11 11 11 11 11 11 11 11 51 55 55 15 11 11 11 11 11 11 51 11 11 11 51 11 11 11 11 11 11 11 51 11 11 11 51 11 11 11 51 11 55 55 55 51 11 11 11 11 11 11 11 11 11 11 11 11 11 11 11 11 11 11 11 11 11 11 11 11 11 11 11 11 55 55 51 55 11 11 11 11 11 11 11 11 11 11 11 11 11 11 11 11 11 11 11 11 11 11 11 11 11 11 11 11 55 15 55 55 11 11 11 11 11 11 11 51 11 11 11 51 11 11 11 11 11 11 11 51 11 11 11 51 11 11 11 51 15 55 55 55 11 11 11 11 11 11 11 11 11 11 11 11 11 11 11 11 11 11 11 11 11 11 11 11 11 11 11 11 51 55 55 51 11 11 11 11 11 11 11 11 11 11 11 11 11 11 11 11 11 11 11 11 11 11 11 11 11 11 11 11 55 55 15 55 11 11 11 11 51 11 11 11 51 11 11 11 11 11 11 11 51 11 11 11 51 11 11 11 51 11 11 11 55 51 55 55 11 11 11 11 11 11 11 11 11 11 11 11 11 11 11 11 11 11 11 11 11 11 11 11 11 11 11 11 55 55 55 51 11 11 11 11 11 51 11 11 11 51 11 11 11 11 11 11 11 51 11 11 11 51 11 11 11 51 11 11 55 55 11 11 11 11 11 11 11 11 15 11 55 55 55 55 51 55 55 55 11 55 55 15 11 51 55 11 11 11 15 11 11 11 11 11 11 11 11 11 11 51 11 11 11 51 11 11 11 11 11 11 11 51 11 11 11 51 11 11 55 55 11 11 11 11 11 11 11 11 11 11 11 11 15 11 55 55 55 55 51 55 55 55 11 55 55 15 11 51 55 11 11 11 15 11 11 11 11 11 11 11 11 11