00 02 0F 1A 04 00 90 00 
00 02 23 0F 04 00 B8 01 
00 13 23 0A 04 05 90 01 
00 02 35 08 03 05 00 03 
00 10 35 08 03 05 18 03 
00 02 38 08 03 05 30 03 
00 10 38 08 03 05 48 03 
00 13 37 05 02 05 90 02 
00 13 39 06 02 05 9A 02 
00 18 37 05 02 05 A6 02 
00 19 39 04 02 05 B0 02 
00 13 37 0A 04 05 90 02 
01 13 08 0A 0B 05 00 01 
02 12 00 0C 03 06 6E 01 
00 19 09 04 04 05 00 01 
01 02 03 07 02 05 20 00 
02 02 03 07 02 05 40 00 
01 02 02 07 02 05 20 00 
02 02 02 07 02 05 40 00 
01 02 06 07 02 05 60 00 
02 02 06 07 02 05 80 00 
00 0C 02 06 02 00 A0 00 
00 06 02 03 02 00 A0 00 
00 15 02 03 02 00 A8 00 
00 02 0F 1A 04 07 90 00